,4,5,7,33,59,70,83,95,98,102
1,0.829,0.877,0.899,0.783,0.835,0.849,0.922,0.928,0.931,0.851
2,0.887,0.943,0.917,0.781,0.88,0.851,0.942,0.963,0.955,0.894
3,0.882,0.93,0.921,0.805,0.868,0.873,0.937,0.953,0.958,0.882
4,0.884,0.94,0.914,0.789,0.889,0.879,0.942,0.965,0.957,0.899
5,0.885,0.924,0.918,0.8,0.885,0.896,0.948,0.955,0.955,0.894
6,0.891,0.938,0.916,0.786,0.89,0.885,0.942,0.977,0.957,0.914
7,0.89,0.926,0.917,0.808,0.888,0.901,0.95,0.973,0.957,0.902
8,0.893,0.94,0.912,0.803,0.893,0.897,0.948,0.969,0.949,0.91
9,0.895,0.93,0.913,0.818,0.892,0.908,0.95,0.972,0.956,0.905
10,0.895,0.94,0.911,0.806,0.893,0.903,0.947,0.971,0.956,0.914
11,0.897,0.933,0.913,0.821,0.89,0.905,0.947,0.976,0.96,0.902
12,0.901,0.944,0.912,0.811,0.892,0.901,0.943,0.978,0.959,0.926
13,0.9,0.936,0.913,0.823,0.896,0.909,0.945,0.981,0.957,0.916
14,0.901,0.943,0.909,0.815,0.899,0.9,0.943,0.978,0.954,0.92
15,0.897,0.938,0.911,0.823,0.897,0.905,0.947,0.979,0.957,0.911
16,0.901,0.945,0.909,0.813,0.894,0.894,0.942,0.978,0.953,0.92
17,0.899,0.937,0.91,0.821,0.892,0.903,0.943,0.978,0.956,0.916
18,0.903,0.941,0.91,0.808,0.893,0.895,0.941,0.977,0.949,0.922
19,0.904,0.935,0.911,0.827,0.896,0.906,0.943,0.978,0.952,0.914
20,0.908,0.942,0.909,0.822,0.897,0.892,0.94,0.975,0.949,0.929
